20.447000
32.679000
18.956000
18.266000
18.650000
18.803000
23.010000
21.141000
35.139000
26.968000
33.685000
18.658000
18.185000
19.838000
18.175000
20.780000
19.625000
17.815000
18.051000
18.035000
19.398000
18.122000
18.386000
18.497000
19.821000
18.318000
18.363000
33.241000
36.564000
18.183000
19.803000
19.871000
18.515000
17.931000
17.991000
18.987000
18.013000
18.090000
18.262000
19.064000
18.017000
18.391000
18.955000
20.396000
17.996000
18.078000
17.988000
23.308000
17.667000
23.885000
21.447000
18.602000
19.263000
18.211000
20.265000
18.071000
26.320000
18.094000
18.064000
18.337000
19.207000
19.402000
30.574000
17.777000
17.889000
33.952000
17.818000
18.082000
18.228000
19.662000
23.355000
19.227000
17.968000
31.836000
18.030000
34.642000
19.574000
18.383000
18.083000
17.910000
18.153000
18.302000
18.458000
21.670000
32.850000
49.450000
44.034000
31.290000
18.601000
31.462000
26.673000
18.923000
18.507000
24.176000
18.708000
19.300000
18.845000
18.879000
23.537000
31.322000
18.974000
19.062000
18.530000
32.635000
17.928000
18.020000
18.157000
18.097000
18.252000
18.099000
17.877000
19.072000
18.348000
18.160000
17.888000
18.400000
17.929000
18.323000
20.557000
18.334000
18.349000
17.922000
19.199000
17.779000
18.019000
20.229000
18.262000
18.205000
17.974000
17.821000
18.049000
18.255000
18.199000
19.281000
17.819000
20.606000
19.258000
18.177000
18.320000
18.229000
33.974000
17.942000
18.607000
18.535000
19.357000
17.782000
17.778000
18.201000
22.214000
18.259000
17.829000
18.788000
18.023000
17.876000
18.637000
38.320000
17.916000
18.284000
18.248000
18.228000
18.178000
18.468000
17.958000
17.968000
18.196000
18.678000
18.123000
17.857000
17.796000
18.950000
18.210000
18.329000
18.465000
18.311000
17.948000
22.625000
18.379000
17.855000
18.719000
18.053000
18.167000
18.244000
18.003000
18.113000
18.097000
27.322000
21.041000
18.071000
18.057000
18.541000
18.225000
19.050000
18.398000
17.956000
18.015000
18.701000
18.164000
18.632000
17.906000
18.649000
